{
 "cells": [
  {
   "cell_type": "code",
   "execution_count": 12,
   "metadata": {},
   "outputs": [],
   "source": [
    "%matplotlib inline\n",
    "import numpy as np\n",
    "from matplotlib import pyplot as plt\n",
    "import math"
   ]
  },
  {
   "cell_type": "markdown",
   "metadata": {},
   "source": [
    "#### 1) Gaussian Elimination\n",
    "\n",
    "Implement Gaussian Elimination and solve this equation. Your function should look like `solve(A, B)`.  Make sure your code works for arbitary size of square matrix A.\n",
    "\n",
    "$$A x= B$$\n",
    "\n",
    "Let me warn you that despite knowing exactly what to do, this is a debugging nightmare. Try your program on small matrix like $2\\times2$ and $3\\times3$ matrix first. Make sure you get forward elimination working first then try backward substitution. You may also find numpy slicing and broadcast operations in exercise useful.\n",
    "\n",
    "Challenge: I recall that Jay(our alumni) wrote this in $<5$ lines using comprehension. Do this **only if** you finish the long version and do not forget to submit the long version.\n",
    "\n",
    "This is something you should do it once in your life. Then for the rest of your life use `np.linalg.solve` or some library if you need to solve system of linear equations."
   ]
  },
  {
   "cell_type": "code",
   "execution_count": 41,
   "metadata": {},
   "outputs": [],
   "source": [
    "A = np.array([[-0.07720066,  1.24180298, -1.70285456, -1.59426978, -3.01504378,\n",
    "        -0.01902549, -0.03201064, -0.48214818, -1.27554107, -1.86678803],\n",
    "       [-1.31026178, -0.2971768 ,  1.33060751, -1.18923338,  1.26796178,\n",
    "         1.00551987,  0.00766911, -1.31224212, -0.50902706,  1.08833534],\n",
    "       [ 0.00514475,  0.1884909 , -0.4100754 ,  0.50341764,  0.58709926,\n",
    "        -0.37333076,  1.2869738 ,  0.05395632, -0.46286786, -0.76367185],\n",
    "       [ 0.40365969, -1.96291233, -0.50175568,  0.18142524, -0.67746751,\n",
    "         0.67076161, -0.95049002,  2.74931199, -1.13015379,  0.27785431],\n",
    "       [-0.09189647, -0.39525972,  0.37683505, -0.96245216, -0.5243782 ,\n",
    "         0.29585765,  0.36129507,  0.29181967,  1.7310231 ,  0.7081621 ],\n",
    "       [ 0.51380985, -0.30144819, -0.90054149,  0.0070792 ,  1.49102295,\n",
    "        -0.74968201, -2.10741739,  0.42250329, -0.77394164, -0.70696497],\n",
    "       [ 0.81974365, -0.35722291,  0.65875384, -2.13288612, -0.38778701,\n",
    "         0.01710055,  1.2020558 , -1.16650793,  0.64024404, -0.78791643],\n",
    "       [-1.7032489 , -0.22689565,  1.25694671, -0.1527868 ,  1.40786095,\n",
    "         0.81767256, -0.85561595,  0.70192948, -0.67892646,  0.62788067],\n",
    "       [ 1.6163143 ,  0.10904024,  0.172866  ,  2.07392891,  0.9166984 ,\n",
    "         0.72032333, -0.61654133,  0.3757916 ,  0.330539  ,  0.84006191],\n",
    "       [-0.81789953, -0.84657951, -1.55897657, -0.46275441,  0.05571126,\n",
    "        -2.07063125, -0.32495521, -0.79838269, -0.02436165,  0.6087792 ]])\n",
    "\n",
    "B = np.array([ 0.44856869, -0.24446046, -0.41493562,  0.20844983,  0.58973061,\n",
    "        0.3997515 , -1.21156859,  1.67593083, -1.41259173,  1.76241789])"
   ]
  },
  {
   "cell_type": "code",
   "execution_count": 42,
   "metadata": {},
   "outputs": [
    {
     "name": "stdout",
     "output_type": "stream",
     "text": [
      "[ 2.28049472  5.76716414  1.19636714 -3.84073903  0.71087622 -4.3287015\n",
      "  1.13760969  4.24796351 -2.82480127  5.39997647]\n"
     ]
    }
   ],
   "source": [
    "def linalg_solve(A,B):\n",
    "    newA = A.copy()\n",
    "    newB = B.copy()\n",
    "    nrow, ncol = A.shape\n",
    "    for piv_row in range(ncol):\n",
    "        for elim_row in range(piv_row+1,nrow):\n",
    "            c = newA[elim_row,piv_row] / newA[piv_row,piv_row]\n",
    "            newA[elim_row,:] = newA[elim_row,:] - c*newA[piv_row,:]\n",
    "            newB[elim_row] = newB[elim_row] - c*newB[piv_row]\n",
    "    for piv_row in range(ncol-1,-1,-1):\n",
    "        for elim_row in range(piv_row-1,-1,-1):\n",
    "            c = newA[elim_row,piv_row] / newA[piv_row,piv_row]\n",
    "            newA[elim_row,:] = newA[elim_row,:] - c*newA[piv_row,:]\n",
    "            newB[elim_row] = newB[elim_row] - c*newB[piv_row]\n",
    "    for i in range(nrow):\n",
    "        newB[i] /= newA[i,i]\n",
    "        newA[i,i] = 1\n",
    "    return newB\n",
    "\n",
    "ans = linalg_solve(A,B)\n",
    "print(ans)"
   ]
  },
  {
   "cell_type": "markdown",
   "metadata": {},
   "source": [
    "#### 2) Finding Inverse.\n",
    "\n",
    "The question is long but the answer is doesn't require much code if you know what to do.\n",
    "\n",
    "Gaussian Elimination can actually be used to find inverse matrix. Inverse matrix of matrix $A$ is denoted by $A^{-1}$ and it as the property that\n",
    "$$A \\times A^{-1} = I$$\n",
    "where $I$ is an identity matrix.\n",
    "\n",
    "For example, Let\n",
    "\n",
    "$$ A = \\begin{bmatrix}\n",
    "    -1 & 0 & 2 \\\\\n",
    "    0 & 5 & 1 \\\\\n",
    "    1 & 0 & -1\n",
    "    \\end{bmatrix}\n",
    "$$\n",
    "\n",
    "Then,\n",
    "\n",
    "$$\n",
    "    A^{-1} = \\begin{bmatrix}\n",
    "    1 & 0 & 2\\\\\n",
    "    -0.2 & 0.2 & -0.2\\\\\n",
    "    1 & 0 & 1\n",
    "    \\end{bmatrix}\n",
    "$$"
   ]
  },
  {
   "cell_type": "code",
   "execution_count": 44,
   "metadata": {},
   "outputs": [
    {
     "name": "stdout",
     "output_type": "stream",
     "text": [
      "[[-1.  0.  2.]\n",
      " [ 0.  5.  1.]\n",
      " [ 1.  0. -1.]]\n",
      "[[ 1.   0.   2. ]\n",
      " [-0.2  0.2 -0.2]\n",
      " [ 1.   0.   1. ]]\n",
      "[[ 1.  0.  0.]\n",
      " [ 0.  1.  0.]\n",
      " [ 0.  0.  1.]]\n",
      "[[ 1.  0.  0.]\n",
      " [ 0.  1.  0.]\n",
      " [ 0.  0.  1.]]\n"
     ]
    }
   ],
   "source": [
    "A=np.array([[-1.,0,2],[0,5,1],[1,0,-1]])\n",
    "print (A)\n",
    "Ainv = np.array([[1,0,2],[-0.2,0.2,-0.2],[1,0,1]])\n",
    "print (Ainv)\n",
    "prod1 = np.dot(A, Ainv) #that's how you do matrix multiplication in numpy\n",
    "print (prod1)\n",
    "prod2 = np.dot(Ainv, A)\n",
    "print (prod2)"
   ]
  },
  {
   "cell_type": "markdown",
   "metadata": {},
   "source": [
    "Solving for inverse is the same as finding matrix $B$ such that\n",
    "$$ A \\times B = I$$\n",
    "\n",
    "If you were given a good education in basic math class, you may have noticed that finding an inverse is actually the same as solving equations.\n",
    "Let us consider the first column of the identity matrix.\n",
    "\n",
    "$$\n",
    "\\begin{bmatrix}\n",
    "1 \\\\ 0 \\\\ 0\n",
    "\\end{bmatrix}\n",
    "$$\n",
    "\n",
    "This column is obtained by the first column of the matrix $B$ with $A$ \n",
    "\n",
    "$$\\begin{bmatrix}\n",
    "    -1 & 0 & 2 \\\\\n",
    "    0 & 5 & 1 \\\\\n",
    "    1 & 0 & -1\n",
    "    \\end{bmatrix}\n",
    "    \\times\n",
    "\\begin{bmatrix}\n",
    "    \\color{red}{b_{1,1}} & b_{1,2} & b_{1,3} \\\\\n",
    "    \\color{red}{b_{2,1}} & b_{2,2} & b_{2,3} \\\\\n",
    "    \\color{red}{b_{3,1}} & b_{3,2} & b_{3,3}\n",
    "    \\end{bmatrix}  \n",
    "    =\n",
    "    \\begin{bmatrix}\n",
    "    \\color{red}{1} & 0 & 0 \\\\\n",
    "    \\color{red}{0} & 1 & 0 \\\\\n",
    "    \\color{red}{0} & 0 & 1\n",
    "    \\end{bmatrix}\n",
    "$$\n",
    "\n",
    "Ignoring all the $b$'s that does not contribute to the first column of identity matrix we have the problem of\n",
    "$$\\begin{bmatrix}\n",
    "    -1 & 0 & 2 \\\\\n",
    "    0 & 5 & 1 \\\\\n",
    "    1 & 0 & -1\n",
    "    \\end{bmatrix}\n",
    "    \\times\n",
    "\\begin{bmatrix}\n",
    "    \\color{red}{b_{1,1}} \\\\\n",
    "    \\color{red}{b_{2,1}} \\\\\n",
    "    \\color{red}{b_{3,1}}\n",
    "    \\end{bmatrix}  \n",
    "    =\n",
    "    \\begin{bmatrix}\n",
    "    \\color{red}{1} \\\\\n",
    "    \\color{red}{0}  \\\\\n",
    "    \\color{red}{0} \n",
    "    \\end{bmatrix}\n",
    "$$\n",
    "which is something we know how to solve. Solving this equation will give us the first column of $B$. The same logic can be applied to other columns and figure out the rest of $b$.\n",
    "\n",
    "There are two ways to write this. First, inefficient way of solving the same equation over and over. Second, modify what we did in problem 1) instead of having $c$ as column matrix you have $c$ as an $n\\times n$ matrix. Any of the two implementations will receive full credit.\n",
    "\n",
    "Do the inefficient one and finish the rest of the homework first. This can be done in less than 10 lines. If you have time, I encourage you to do it efficiently.\n",
    "\n",
    "Hint: check your answer against `np.linalg.inv`\n",
    "\n",
    "Hint2: You may find broadcast assignment you learned in exercise useful."
   ]
  },
  {
   "cell_type": "markdown",
   "metadata": {},
   "source": [
    "#### Your task for problem 2)\n",
    "Implement a function that find an inverse of an $n\\times n$ matrix. Then find the inverse of matrix $A$ given below. You code should work with all size of $n$.\n",
    "\n",
    "This is something you should do it once in your life. Then for the rest of your life use `np.linalg.inv` or some library if you need to find and inverse."
   ]
  },
  {
   "cell_type": "code",
   "execution_count": 45,
   "metadata": {},
   "outputs": [
    {
     "name": "stdout",
     "output_type": "stream",
     "text": [
      "(10, 10)\n",
      "[[ 1.29975163 -1.69745263  0.44266441 -0.20937311 -0.0391777  -0.91786713\n",
      "   2.43472698  3.56308836  3.10051257  1.84857314]\n",
      " [ 2.45889247 -2.97001206  1.02683609 -0.71545785  0.33575367 -1.60404605\n",
      "   3.62799634  6.56253459  5.07566703  3.13411062]\n",
      " [ 0.19161507 -1.12156699 -0.46216366 -0.17295685 -0.65892957 -0.68653192\n",
      "   1.23869278  1.75752925  0.87511428  0.64399971]\n",
      " [-1.65443495  1.79127057 -0.74499045  0.28239823 -0.40178571  0.93186067\n",
      "  -2.65144895 -4.32525968 -3.32581125 -2.17080325]\n",
      " [ 0.33095026 -0.20770796  0.60583985 -0.11565068  0.33258215  0.06814082\n",
      "   0.49144169  0.93221456  0.82264077  0.43060632]\n",
      " [-1.29933083  2.49706047 -0.23883507  0.41953297  0.39187002  1.30973314\n",
      "  -2.83837193 -4.59278565 -3.16955213 -2.43734614]\n",
      " [ 0.61310821 -0.68094295  0.72115587 -0.064671    0.14725662 -0.61177007\n",
      "   1.03447059  1.65657142  1.36717441  0.89357089]\n",
      " [ 1.54882085 -2.19129799  0.81470688 -0.22767278  0.33339219 -1.08621019\n",
      "   2.52404122  4.5653399   3.31992443  2.12049031]\n",
      " [-1.32024285  1.55085206 -0.46276843  0.12690439  0.41431575  1.08534602\n",
      "  -2.24441397 -3.66143982 -2.83663446 -1.89517102]\n",
      " [ 2.25465828 -2.58419024  0.83992595 -0.39496295  0.25629062 -1.77261387\n",
      "   3.54628098  6.14421512  5.05116443  3.33615487]]\n"
     ]
    }
   ],
   "source": [
    "A = np.array([[-0.07720066,  1.24180298, -1.70285456, -1.59426978, -3.01504378,\n",
    "        -0.01902549, -0.03201064, -0.48214818, -1.27554107, -1.86678803],\n",
    "       [-1.31026178, -0.2971768 ,  1.33060751, -1.18923338,  1.26796178,\n",
    "         1.00551987,  0.00766911, -1.31224212, -0.50902706,  1.08833534],\n",
    "       [ 0.00514475,  0.1884909 , -0.4100754 ,  0.50341764,  0.58709926,\n",
    "        -0.37333076,  1.2869738 ,  0.05395632, -0.46286786, -0.76367185],\n",
    "       [ 0.40365969, -1.96291233, -0.50175568,  0.18142524, -0.67746751,\n",
    "         0.67076161, -0.95049002,  2.74931199, -1.13015379,  0.27785431],\n",
    "       [-0.09189647, -0.39525972,  0.37683505, -0.96245216, -0.5243782 ,\n",
    "         0.29585765,  0.36129507,  0.29181967,  1.7310231 ,  0.7081621 ],\n",
    "       [ 0.51380985, -0.30144819, -0.90054149,  0.0070792 ,  1.49102295,\n",
    "        -0.74968201, -2.10741739,  0.42250329, -0.77394164, -0.70696497],\n",
    "       [ 0.81974365, -0.35722291,  0.65875384, -2.13288612, -0.38778701,\n",
    "         0.01710055,  1.2020558 , -1.16650793,  0.64024404, -0.78791643],\n",
    "       [-1.7032489 , -0.22689565,  1.25694671, -0.1527868 ,  1.40786095,\n",
    "         0.81767256, -0.85561595,  0.70192948, -0.67892646,  0.62788067],\n",
    "       [ 1.6163143 ,  0.10904024,  0.172866  ,  2.07392891,  0.9166984 ,\n",
    "         0.72032333, -0.61654133,  0.3757916 ,  0.330539  ,  0.84006191],\n",
    "       [-0.81789953, -0.84657951, -1.55897657, -0.46275441,  0.05571126,\n",
    "        -2.07063125, -0.32495521, -0.79838269, -0.02436165,  0.6087792 ]])\n",
    "\n",
    "print(np.shape(A)) \n",
    "print(np.linalg.inv(A))"
   ]
  },
  {
   "cell_type": "code",
   "execution_count": 46,
   "metadata": {},
   "outputs": [
    {
     "name": "stdout",
     "output_type": "stream",
     "text": [
      "1.29975163266 1.29975163266\n",
      "False\n",
      "[ 1.29975163 -1.69745263  0.44266441 -0.20937311 -0.0391777  -0.91786713\n",
      "  2.43472698  3.56308836  3.10051257  1.84857314]\n",
      "[ 1.29975163 -1.69745263  0.44266441 -0.20937311 -0.0391777  -0.91786713\n",
      "  2.43472698  3.56308836  3.10051257  1.84857314]\n"
     ]
    }
   ],
   "source": [
    "def initB(n):\n",
    "    B = []\n",
    "    for i in range(n):\n",
    "        tmp = []\n",
    "        for j in range(n):\n",
    "            if i == j:\n",
    "                tmp.append(1)\n",
    "            else:\n",
    "                tmp.append(0)\n",
    "        B.append(tmp)\n",
    "    return B\n",
    "\n",
    "def inv(A):\n",
    "    n = np.shape(A)[0]\n",
    "    B = initB(n)\n",
    "    inverse = np.zeros([n,n])\n",
    "    for i,b in enumerate(B):\n",
    "        ans = linalg_solve(A,b)\n",
    "        for j,k in enumerate(ans):\n",
    "            inverse[j][i] = k\n",
    "    return(np.array(inverse))\n",
    "\n",
    "mn = inv(A)\n",
    "at = np.linalg.inv(A)\n",
    "\n",
    "print(mn[0][0] , at[0][0])\n",
    "print(mn[0][0] == at[0][0])\n",
    "print(mn[0])\n",
    "print(at[0])\n",
    "# print(len(mn[0]),len(at[0]))"
   ]
  },
  {
   "cell_type": "markdown",
   "metadata": {},
   "source": [
    "#### 3) Non linear equation I.\n",
    "Consider these equations.\n",
    "$$e^{\\frac{x-3}{2}} + 2y = 1$$\n",
    "$$x^2 + xy = 3$$"
   ]
  },
  {
   "cell_type": "markdown",
   "metadata": {},
   "source": [
    "#### 3.1) Draw Contour plot similar to the exercise that shows where the solutions are(There are three)."
   ]
  },
  {
   "cell_type": "code",
   "execution_count": 3,
   "metadata": {},
   "outputs": [],
   "source": [
    "def u(x,y):\n",
    "    return np.exp((x-3)/2) + 2*y - 1\n",
    "\n",
    "def v(x,y):\n",
    "    return x**2 + x*y - 3"
   ]
  },
  {
   "cell_type": "code",
   "execution_count": 19,
   "metadata": {},
   "outputs": [
    {
     "data": {
      "image/png": "iVBORw0KGgoAAAANSUhEUgAAAYQAAAEICAYAAABfz4NwAAAABHNCSVQICAgIfAhkiAAAAAlwSFlz\nAAALEgAACxIB0t1+/AAAIABJREFUeJzt3XmczfX3wPHXmc1gaOz7EiFLpUjFtyKRVpEKJaWShBbt\n+yb1TYv28mtfSZv2VOSbFtFKWpBCooUYlcL5/XHu5DbNmO3e+/ncuef5eNzH525zP8edcc99b+ct\nqopzzjmXFnQAzjnnwsETgnPOOcATgnPOuQhPCM455wBPCM455yI8ITjnnAM8ITgHgIicIiI3x/g1\n64nIQhGpFMvXdS5exNchuFQnIlnAYmBPVV0R49e+A1ioqrfG8nWdiwdvITgHfYEvYp0MIh4FTonD\n6zoXc54QXEoQkfNEZGqB+yaKyC3AgcBbUfcfLSLfiEj1yO0DReQHEalTyOvOF5FDo25nishPIrJr\n5K73gRYi0iwe/y7nYskTgksVTwAHiUg1ABFJB44CHgN2Ar7Mf6KqTgbeAW4RkVrAvcBJqvpjIa/7\nEHBs1O2DgJWq+lHktTYBi4BdYv4vci7GPCG4lKCq3wIfAv0id+0H/Kaq7wG5wPoCP3Ja5DkzgedV\n9YUiXvoRLNFUj9weAjxc4DnrI+dwLtQ8IbhU8hgwKHJ9cOQ2wBqgWvQTVXUt8CTQAbihqBdU1e+B\n2cARIpKLdT89WuBp1YC15Q3euXjzhOBSyZNAdxFpjLUU8hPCp0Dr6CeKSEdgGPA4cEsxr/sg1m10\nJPBu9OC0iGQAOwCfxOIf4Fw8eUJwKSMyBjATuB/4RlUXRh56Cdg3/3kiko11BV0InAA0EpGRUY/P\nFJHLo176WWA34HRsTCFaF2BppMvKuVDzhOBSzWPA/mxtHQA8D+woIg0jt8cDy1T1TlXdiH37v1pE\nWkUeb4J1EwGgqr8DTwHbA08XON8xwF0x/1c4Fwe+MM05QESGA+1U9YxintcYmKKqXQvcfynQWlWP\njbqvLjaddVdV/SMOYTsXU54QnCsnEakJfAQMUdVZQcfjXFmVu8tIRJqIyAwR+VxEFojI6ZH7a4rI\ndBH5OnKsUf5wnQsXETkZWAa87MnAJbtytxBEpAHQQFU/jCz6mQccDhwP/KKq14rI+UANVT2vvAE7\n55yLj3K3EFR1pap+GLm+HlgINMLqwzwYedqDWJJwzjkXUjEdQxCR5sAsbDHPd6qaG7lfgDX5twv8\nzHBgOEB2dnanpk2bxiyeeNmyZQtpaeGfoOVxxtaWLVvYsKESGzakU79+eMeIk+H9LE+Mq1Zlk56u\n1K69McZR/VsyvJcAX3311U+q+q9aW6WmqjG5ADlYd1H/yO21BR5fU9xrtG7dWpPBjBkzgg6hRDzO\n2JoxY4ZecIFqZmbQkWxbMryf5YlxyBDVrCzVJUtiF09RkuG9VFUF5moMPsdjkvpEJBObh/2oqubP\nw14VGV/IH2dYHYtzORekrCz46y/wyXnBGT8eMjJg7NigI6l4YjHLSLBqkAtV9caoh6YBQyPXhwLP\nlfdczgUtK8uOf/0VbByprFEjuOgieOYZeP31oKOpWGLRQuiGVXjcT0Q+jlwOAq4FeonI19jK0Gtj\ncC7nApWfEDbGv/vabcNZZ0GLFjB6NPz5Z9DRVBwZ5X0BVX0bkCIe7lne13cuTPITgn8IBSs7G265\nBQ45BCZOhHPOCTqiiiH8w+fOhUilSnb0FkLwDj4YDjsMrrgCli0LOpqKwROCc6WQnxC8hRAOEyfC\nli0wZkzQkVQMnhCcKwUfQwiX5s3hssvg2Wdh2rSgo0l+nhCcKwXvMgqfs86CDh1g1ChYX3AjVFcq\nnhCcKwVPCOGTmQn33APLl8MllwQdTXLzhOBcKXhCCKe99oIRI+DWW2Hu3KCjSV6eEJwrBU8I4TV+\nPNSrByef7AsHy8oTgnOlkJ1txz/CW9suZW23Hdx2G3z8MdxwQ9DRJCdPCM6VQn5C8BZCOPXvb5fL\nL4cvvww6muTjCcG5UsjvMvr992DjcEW7/XaoUgWGDYPNm4OOJrl4QnCuFLyFEH7161tZi3fesYVr\nruQ8IThXCpUr29FbCOF2zDFW1uLCC+GLL4KOJnl4QnCuFLyFkBxE4O67IScHhgzxWUcl5QnBuVLw\nFkLyqF8f7rrL1iWMGxd0NMnBE4JzpZCRAWlpnhCSxYABcOyxcPXVMGdO0NGEnycE50pBxFoJnhCS\nx623QsOG1nX0229BRxNunhCcKyVPCMklNxceeAC++grOPjvoaMLNE4JzpeQJIfnstx+MHQt33gkv\nvBB0NOEVk4QgIveJyGoRmR913+UisqLAPsvOJb0qVbzrIRmNGwe77AInnAArVwYdTTjFqoXwANCn\nkPtvUtWOkctLMTqXc4GqUsVbCMmoUiV4/HHYsMHGE7ZsCTqi8IlJQlDVWcAvsXgt58KuShX7UHHJ\np21bW8X8xhtw7bVBRxM+8R5DGCUin0a6lGrE+VzOJYS3EJLbiSfC0UfbZjr/+1/Q0YSLqGpsXkik\nOfCCqnaI3K4H/AQocBXQQFWHFfJzw4HhAHXq1Ok0ZcqUmMQTT3l5eeTk5AQdRrE8ztjKj/OSS9rz\n/feVuffecO7EkgzvZ9AxbtiQzimndGLjxnQmTZpLbm7hS5mDjrOkevToMU9VO5f7hVQ1JhegOTC/\ntI9FX1q3bq3JYMaMGUGHUCIeZ2zlxzl4sGrLlsHGsi3J8H6GIcaPPlKtVEm1Vy/VTZsKf04Y4iwJ\nYK7G4HM8bl1GItIg6mY/YH5Rz3UumVSt6mMIFUHHjrZobfp0uOaaoKMJh4xYvIiIPA50B2qLyHLg\nMqC7iHTEuoyWAqfE4lzOBc0HlSuOk06CWbPgsstgzz2hV6+gIwpWTBKCqg4q5O57Y/HazoVNfgtB\n1UpZuOQlYgXwPvoIBg+GDz+EJk2Cjio4vlLZuVKqWtXmsHsJ7IqhalV46in7fQ4YkNq/V08IzpVS\n/qQT7zaqONq0gQcftIqoo0cHHU1wPCE4V0r5CSEvL9g4XGz162c7rE2aZN1IqSgmYwjOpRJvIVRc\nV14JH39srYS2bYOOJvG8heBcKeUnhPXrg43DxV56Ojz2GLRsaeMJK1dmBx1SQnlCcK6UqlWzoyeE\nimm77WDaNNi0CS66qENK/Z49IThXSp4QKr7WrWHKFPj226opVRnVE4JzpeQJITX06gUjRy7iuefg\noouCjiYxfFDZuVLabjs7rlsXbBwu/vr3X8Fff7Xi2mttaurxxwcdUXx5C8G5Uqpe3Y6//hpsHC7+\nRKzeUc+eMHw4zJgRdETx5QnBuVLKyrLdtzwhpIbMTJg6FVq1srUKn38edETx4wnBuTLYbjtPCKkk\nNxdeegmys+HAA+H774OOKD48IThXBrm5nhBSTbNmlhR++QUOOqhijiF5QnCuDHJzYe3aoKNwibbb\nblYIb8EC6N8f/vwz6IhiyxOCc2WQmwtr1gQdhQtC795w773wxhswbFjFWqPg006dK4MaNeCbb4KO\nwgXluONgxQorhle/PkyYEHREseEJwbkyqFnTWwip7vzzbXD5hhugbl0499ygIyo/TwjOlUHNmja4\nuGULpHnHa0oSgYkT4aef4LzzoFYtOPHEoKMqH08IzpVBzZqWDNats/EEl5rS0mxjnbVr4eSTrRLu\n0UcHHVXZxeS7jYjcJyKrRWR+1H01RWS6iHwdOdaIxbmcC4Natez488/BxuGCl5VlM4/+8x849lh4\n4YWgIyq7WDV2HwD6FLjvfOANVW0FvBG57VyFULu2HX/6Kdg4XDhUqWKJoGNHOOIIeP31oCMqm5gk\nBFWdBfxS4O6+wIOR6w8Ch8fiXM6FQZ06dvzxx2DjcOFRvTq8+qoVwevbF2bPDjqi0hNVjc0LiTQH\nXlDVDpHba1U1N3JdgDX5twv83HBgOECdOnU6TZkyJSbxxFNeXh45+dtmhZjHGVvRca5cmc3gwXty\nzjlfcNBBPwQc2T8lw/uZDDFC2eL85ZdMTj99V9asyeL66z+hbdv410nv0aPHPFXtXO4XUtWYXIDm\nwPyo22sLPL6muNdo3bq1JoMZM2YEHUKJeJyxFR1nXp4qqI4fH1w8RUmG9zMZYlQte5zLlqm2aKGa\nm6s6b15sYyoMMFdj8Dkezwlzq0SkAUDkuDqO53IuoapWtcuqVUFH4sKocWN4803rRurVCz76KOiI\nSiaeCWEaMDRyfSjwXBzP5VzC1a/vCcEVrVkz2z8hJ8f2U0iGpBCraaePA+8CbURkuYicCFwL9BKR\nr4H9I7dj4vXXrdrggw96xUkXnPr14YdwDR+4kGnRAmbOtG1Xe/aEuXODjmjbYjXLaJCqNlDVTFVt\nrKr3qurPqtpTVVup6v6qWnAWUpmtWWObVBx/vC0ZP+wwePTRilmO1oVXgwYVty6+i53tt4e33rI9\nNHr2hPffDzqioiXlovsjj7TCYu+9B6edBh9+aAtC6tTZmhx8A3QXb40aWYEz54rTvDnMmmXrV3r1\nCu+U1KRMCGB1RPbYA268Eb77Dt5+G0aO3Joc6ta1BSJTpsBvvwUdrauIGjWCvDxvmbqSadLEWgr1\n68MBB1hXUtgkbUKIlpYG3brBTTdZcvjf/+Ckk+Cdd6yuSJ06cNRRti+qJwcXK02a2HHZsmDjcMmj\ncWNLCs2a2Vacr7wSdET/VCESQrS0NKspcuutsHy5jfIPHWq/hCOPtJbD4MHw3HOwcWPQ0bpk5gnB\nlUWDBtY62HFH6+J+8smgI9qqwiWEaOnp0L073HGHDf698YYlg1dfhcMPh3r1LFm88ELF2wrPxV/z\n5nZcujTIKFwyqlPHvqx26QIDB9oObGFQoRNCtPR02G8/uOcemyr48svQrx9MmwaHHmr9eieeCNOn\nw6ZNQUfrkkGDBlbp0hOCK4vcXHjtNduS86ST4L//DTqiFEoI0TIzoU8fuP9+W1j04otwyCHWdOvd\nGxo2hFNPtQy+eXPQ0bqwSkuzVsKSJUFH4pJVlSrWfT1woG2yc/75EKPycmWSkgkhWlaWLXJ76CFY\nvRqeftpaEg89ZMfGjWHMGBugrkibabvYaNECFi8OOgqXzLKy4JFHYMQIuO4622gnqF6KlE8I0bKz\nrRvpiScsOUyeDF27WjdTt262wOScc+DLL3MCzeIuPFq1gq+/DvZbnUt+6ek21nnJJTaecMQR8Pvv\niY/DE0IRqla1qapPPWXJ4eGHYaed4OabYcSIzrRubb+8+fOLfy1XcbVubYsgvYSFKy8RuPJKuO02\neP552H//xG/A5AmhBKpX37o13qpVcPbZX9K8OVxzjSWJDh3gqqvgq6+CjtQlWtu2dly4MNg4XMVx\n2mk2njlvnvVQJLJL0hNCKdWsCQcfvJLp020q6+23232XXmo7JXXqBBMm2AI5V/G1a2fHBQuCjcNV\nLEccYdPkf/4Z9toL5sxJzHk9IZRDvXpWLmPWLFucdOON1hd4zjm2ErFbN1sg590JFVf9+vaF4LPP\ngo7EVTTdutlklmrVbD3VtGnxP6cnhBhp3BjOPNMy+aJFMG6c1bkZM8Zq3vTsCffdB2vXBh2piyUR\n2GUX+OSToCNxFVGbNvDuu9Yt3a+fjS/EkyeEOGjZEi680D4kFiyAiy+2LqQTT7RWRd++8PjjsGFD\n0JG6WOjYET791Bc0uvioW9fWRB1yCIweDaefHr/1UZ4Q4qxdO7jiChtwnjMHRo2ywaLBg+0XPXCg\nNQW9dEby6twZ/vjD9uhwLh6qVrU1UmeeCbfcYl8q41Hi3xNCgojA7rvDDTdYa2HWLNvg58037Zfb\noAGccoqvjk5Gu+9uxzBvfOKSX3q6jVPeeadVSe3a1faFiSVPCAFIS4O997YZSitW2JzjPn1sY5/9\n9rMqmmecYS0KX/AUfjvsYMXKwrrpiatYRoywAp0rVtiXkVmzYvfacU8IIrJURD4TkY9FJOQ7iiZe\nZqb1DT76qK1xmDzZNv658047tm1raxwWLQo6UlcUESu5Hsv/mM5tS/5WnLVr2wK2WElUC6GHqnZU\n1c4JOl9Syl8d/cwzlhwmTbJxhksvtRIJu+9uTcbly4OO1BXUo4c132PdhHeuKK1a2TbCPXrE7jW9\nyyikcnOtJO6sWTbmcP31Vlxv7Fho2tSqsj76qM9UCouePe34+uvBxuFSS26uVWuOFdE4d1KLyDfA\nGkCBu1X1ngKPDweGA9SpU6fTlClT4hpPLOTl5ZGTkxPIuZctq8z06fV47bX6rFqVTXb2Zrp2/Yme\nPVez++6/kJm59fcZZJylURHiVIVBg/akZcs8xo0LtsBVMryfyRAjJE+cPXr0mBeTHhhVjesFaBQ5\n1gU+AfYp6rmtW7fWZDBjxoygQ9DNm1VnzlQ95RTVWrVUQbVGDdWRI1XnzFHdsiUccZZERYlz1CjV\nypVVN2xITDxFSYb3MxliVE2eOIG5GoPP67h3GanqishxNfAM0CXe50wFaWmw775w112wcqU1G/v0\nsdXQXbrYysZHHmnqm7ckUP/+VrI4lk145xIprglBRKqKSLX860BvwAtGx1hmpm3y89hjlhzuusvq\n69x7bwtatrTiWHfd5WUz4m2ffay2URL0ejpXqHi3EOoBb4vIJ8Ac4EVVfSXO50xpubm2wO1//4PH\nH3+X666zmkqnnmqL34491vaN9sVvsZeebq2EF1+099y5ZBPXhKCqS1R1l8ilvaqOi+f53D/Vr7+R\nc8+1OjsffADDhtmHVe/eVnDvjDO8KFusDRpk3UbPPRd0JM6Vnk87TQEiVm/n9tutS2nqVCute+ed\nVpitc2e77l1K5de1KzRvDvffH3QkzpWeJ4QUk51tm2889ZQlh1tusSqdI0dal9LAgbYznFfuLJu0\nNFs/8sYbtteyc8nEE0IKq1nTyul+9BHMnWtdSq+/Doceahv8XHKJr7wti2HDICPDkq1zycQTgkPE\ntv7M71J65hnrSrrmGtvboXdv2+N148agI00ODRrAkCHwf/8Hq1cHHY1zJecJwf1DZiYcfrgNPi9d\nCpdfDl9+aTWWGja0euxe9794551nCfT664OOxLmS84TgitSkiRXWW7LEyu3uv7+1Itq3t+qeDz4I\nv/0WdJTh1KYNDB1q3Ua+ONAlC08Irljp6dZtNHmyVVq9/nr48Ufb4KdRIyu499VXQUcZPuPG2VjC\nmWf6vhYuOXhCcKVSty6cfTZ88QXMnAkHHGDfgtu0sc19Jk/2sYZ8DRtal9u0afDII0FH41zxPCG4\nMhGxWkpPPGHluceNsxlJAwdC48Zw0UXwww9BRxm8s86yNR+jR9uYjHNh5gnBlVuDBnDhhbB4se31\n2q0bjB9vU1dPOMFWSaeq9HQbawHo18/3r3Dh5gnBxUxamnUhPfuszUw66SSbrtqli62Gfugh+Ouv\noKNMvJYt4fHHrUzIqFE+nuDCyxOCi4tWrWxG0vffw223WX2foUO33v/770FHmFgHHmgL/R54AG69\nNehonCucJwQXV9Wrw2mnwfz58PzzNtA6apTV+7nqKvjpp6AjTJzLLrM1HmeeCS+/HHQ0zv2bJwSX\nECJwyCEwe7bNTtptN1vj0KwZ3HlnS1auDDrC+EtLg4cfhp13tnpS06cHHZFz/+QJwSVU/uykl1+2\nFc9HHAFTpzZm++2t5fDdd0FHGF85ObbIr1Urqxn1wgtBR+TcVp4QXGDatrWB5oceep8hQ+Cee+yD\n8txz4Zdfgo4ufurWhRkzbJvTfv1sHYcPNLsw8ITgAteo0R9MmgSLFsHgwTBhgo0xXHJJxU0MNWvC\nm2/a1qennw7HHQd//BF0VC7VZQQdQLTMX3+1XeLjQSRmP1P/iy+2vcpoW+cq6rGC90ffLuljBZ5X\n5/PPYdWqrfcXPBZ2X2HHgtejL0XdX9JLWhrVPv8cqlalqQj3j05j7EGVueKeBlx9dS633LyZq0b/\nyMhBa8jISrOO+G1d0tOLPuZfD4nq1a2y7DXXWPJbtMim6TZuHHRkLlXFPSGISB9gIpAO/J+qXlvU\nc7NXrYITT4x3SOW2Y9ABlFD7oAMooU4FbncAngQ+owNn503g9PEHcP/4ldzJqezJ++U/YXq6FRnK\nTxIZGVsvBW9nZFgJ2MxMdt2wAWrXtvuysuz+rKytl+jblSoVfsnOhsqV7ZKdTVrlylx8cDbtqtdh\n6IUN2bUjPPbAX/Q6OKtsX2KcK4e4JgQRSQduB3oBy4EPRGSaqhZaQHlDixbWuRprZemg3cbPvPfe\ne+y5556lP1dRjxW8P/p2SR8r5Hlz5syhy+67//Pxwn5mW8eC16MvRd1fysunH3/MzjvtBFu22H2R\n405btvDK5nU89d47nPFgR/b65T2G9/ia646aR27ljfa86MvmzUUfC142bfr37ejL5s22im7Tpr+P\nWzZtsvh+/x1+/dXu//PPrcfoy8aNpVqF1x9oT2uO2PAUBxzajvO4jkuq3ECVqgJVq0K1av+85OTY\ncbvt7JKb+/ex2qJFNr+3Zk2oUcOSnHMlEO8WQhdgkaouARCRJ4C+QKEJYUtGBjRtGueQyu+PpUut\nkzvkflu1Ctq1CzqMYv2SnQ3duxf6mAADjoIDrrBCcTff3IpnF7TihhvgmOMS+yX6k5kz6V5EnIXa\nsmVrcti40QYJNm60hPLHH1uPf/wBv/1Gm99+4/01/2PM5M1cO/d8nsg4mVs7P8Ehtd6DvDxYvx7W\nrIFly+z6+vWwbp2dJ8o/Wlwilixq1bJL7dp2qVsX6tWD+vXtmH+9Vq1Qdau5xBKN4/QGERkA9FHV\nkyK3hwB7qOqoqOcMB4YD1KlTp9OUKVPiFk+s5OXlkZOTE3QYxaqIcX71VQ433dSaL76ozq67ruGc\nc76kQYPEjMYm8v38+OPtuPnm1nz7bVX23vtHRo/+mjp1/vz3E1VJ//13MjZsICMvj4y8PP766Sdy\nNm0ic/16Mn/9lcx168hYt47Mdev+vp31yy+kFdKC2ZKezp+1a/NH3bpsrFPHLpHrf9Srx+8NG7I5\nBu9BRfzbDFKPHj3mqWrn8r5O4AkhWps2bfTLL7+MWzyxMrO03xQDUlHj3LzZtqc891zrDXn4YTj4\n4PjFly/R7+eff8INN8AVV9jwxJVXWtXUjGLa9SWKU9VaFz/8YBMPVq2y699/b5teLF9uLZHly/9d\nz7xWLSvQlH/ZYQfYcUdrjVarVqJ/W0X92wyKiMQkIcS7y2gF0CTqduPIfc6VWXo6nHKK7eA2YICt\ngL7oIvvgrEjd5VlZcMEFtn3pmDFWSvv++60W0r77lvPFRbaOP7RpU/TzVK2+yLJlNrNu0SIra7t4\nMbz7rm2AEd1l1bSpbanXrp0dO3SAnXaywXQXevFOCB8ArURkeywRDAQGx/mcLkW0bAnvvGPfmseN\ngwULrNR09epBRxZbLVvaiuZnn7U1C927Q8+elgC7dYvzyUWgTh277Lbbvx//809LFAsX2i9gwQJb\ngv7mm1tbFhkZlhQ6d7bL7rsjmzbFOXBXFnFNCKq6SURGAa9i007vU9UF8TynSy2VK1v30c472zfo\nPfaAp5+2VdAViYitaj7gALj7brjuOtvXuk8f29K0Q4eAAsvKgtat7dK379b7N2+2zaQ/+wzmzbNN\nMaZOhUmTANg7M9OSw777Wobr1s1mTrlAxX06gaq+pKqtVbWlqo6L9/lcahozxorF/fwzdO0K78dg\nuUIYVali1VKXLLFE8N57lgyPOsr2WwiN9HSrQ9K/vzXfXnvNfjmLFsETT7CiXz973oQJltVq1LBf\n3IUX2nN9J6FA+PwyV2H06GFfRGvVgl694O23g44ofqpUsb2tFy2yz9BXX4WOHeGww2DhwpIN7Cac\niPV/HX00i0891fr71q614M89155z/fXWDKpd26r/TZrke7EmkCcEV6E0awZvvQWNGtnnSkXfvrNW\nLbj6avj2W5uFNHs2jBzZie7dbf+JAksUwqdqVejd21oR77xj6yxeecVmDcyfD8OH2x6te+5p+7Iu\nWOCVAOPIE4KrcBo1sj0X6ta1bu0VKTCvLTfX6iEtXQqnnrqIpUuttbDLLvDYY7bgOink5Fgmv/lm\n6xf79FPbSWnLFmsK5c9amjDBWw5x4AnBVUj16tk35PXr7YMxVSqJVqsGRx21nK+/ttLiW7bAMcfY\nzNIbb0yy6rEi9uF/8cUwZ46tibj9dptGds45VgXw0EPhqaf+vVbClYknBFdhdehg344//BDOOCPo\naBIrMxOGDLFJPs8+a70uY8da6+mEE+yLd9Jp1AhGjrSupS++sKTw0Ue2GKVhQ5t/nAQLW8PME4Kr\n0A49FM4/36Zq3nNP0NEkXlqadZu9/bbNQjr+eCuxvcsu1nX//PNJ1J0UrU0bG1P49lsbc+jd2wag\n27a1+bnvvht0hEnJE4Kr8K6+2rqlTz89tb9A7rwz3HmnLTq+5hobsz3sMNh+eyscuGxZ0BGWQXq6\n/XIff9z2X734Ypg1y6aw7r13koysh4cnBFfhpadbyYcqVWDo0CT9RhxDNWpYSYxvv7Xu9/btbYZS\n8+bWmpg+PUk/Q+vWtX/Id9/ZvqTLllnGa9/e/gBS/RdfAp4QXEpo0MDGI99/PzW7jgqTmWnrxl55\nxUoTnXee9bT07m1ryq65BlauDDrKMqha1cYTFi2yQaTsbBg2DHbd1Ra9uSJ5QnAp4+ijrUrCpZfa\neii31fbbWwL47jv7DG3WzAoGNmliXfIvvZSEX7AzMmDQIJtV8NRT8Ntv1r104IG2nsH9iycElzJE\n4KabbOrlhAlBRxNO2dn2Gfrmm/DVVzYzafZsKy/evLmtdfjmm6CjLCURawp9/rnVE3/3XRtQOfVU\nWL066OhCxROCSykdO9pnw2232XYArmitWlkRveXL7Qv2LrtYK6JlS+tWmjIlyab/V6pkFRAXLYLT\nTrNZSa1a2QKNzZuDji4UPCG4lHPBBbYl8t13Bx1JcsjKsiT64ou2Evryy2221tFH2/T/U0+1IntJ\nU1Gidm0bdJ4/32YijR1rfYlLlgQdWeA8IbiU06mTfQ7cfXeSzqYJUJMmNgazZAm8/LK1FB58EPba\nyxYV33gHRSOrAAAZkUlEQVQj/Phj0FGW0I472rTUhx6yFXw772ythqTJbLHnCcGlpBEjbGbNm28G\nHUlySk+3qtWPP24lhe65x8oQ5a+G7t/fuplCXzJEZOuS7j32sGJ6hx6asnWSPCG4lNS/v+0e+cgj\nQUeS/KpXh5NPtm6j+fNh1Cgbtx0wwGpKnXJKEnQpNWliCzAmToQ33rC6J1OnBh1VwnlCcCkpO9uS\nwtNPw++/Bx1NxdG+vXUbLV9un6+HH25Jd6+97LHrrrMFcaGUlmY7LX30kc3DPfJIWk+YYNuEpghP\nCC5lDRxo1VBffTXoSCqe9HTYf38bX1i50rrmc3OtrlTz5jBmTEfuvNO2PwidHXe0AnoXXEDDF1+0\ntQtJVSa27OKWEETkchFZISIfRy4HxetczpVFjx62wcyUKUFHUrFVrw4nnWSfsYsXW22pdesyGTnS\nVpAPHGgL3/76K+hIo2RmwjXXsPDCCy3wPfZIiUJY8W4h3KSqHSOXl+J8LudKJb90w/PPJ9l8+iTW\nooWtgL7//g+YN8/GcKdPt4VvDRrYFNZZs8Iz+2tVr1428+DXX23XtjfeCDqkuPIuI5fS+vaFvDzb\ndtMljgjstpstB1i5EqZNsymsDz0E++5r3UoXX2yrpQPXrZtt0NOokU2tqsDFsETjNPQvIpcDxwPr\ngLnAWFX9V4+hiAwHhgPUrl2/05NPPh6XeGIpLy+PnJycoMMolsdZvI0b0+jbtxsHH7yS0aMXbfO5\n/n7GTlEx/v57Gu+8U5vXXqvH3Lk12bJFaNVqPT17rqZHj9XUrZvYplx0nOkbNtDuyiupNWcOywYM\nYPGIETZYEgI9evSYp6qdy/1CqlrmC/A6ML+QS1+gHpCOtULGAfcV93oZGbvqZ59p6M2YMSPoEErE\n4yyZ3r1V27cv/nlBx1lSyRBnSWJcvlx1wgTVTp1UbdKq6t57q959t+qaNfGPUbWQOP/6S3XMGAtm\nyBDVzZsTE0gxgLlajs/y/Eu5uoxUdX9V7VDI5TlVXaWqm1V1CzAJ6FL86wl77WV9us4lSs+eVvwy\nRdcihVajRrbQbe5cG8+98kpbBX3KKba+oV8/mxDw228JDCojw9YqXHUVPPywrXAM9QKL0onnLKMG\nUTf7YS2HbWrWbANt2li/7vXXV6j32YXYPvvYcfbsYONwRWvd2iqtfv45fPCBfQ6/957VU6pbF445\nBl54IYFLBi6+2EbHJ02yrfgqyIdVPAeV/ysin4nIp0AP4MzifiAjQ5k1C448Es491zYD99kfLt52\n280WqnlCCD8R6NzZvqQvX24TgAYPtrpKhx5qrYqRIxM0U+mqq6wJc+ut9oFVAZJCRrxeWFWHlOXn\nqlSBJ56wVY2XXWa1159+2uaLOxcPWVlW8G7OnKAjcaWRnm5rSXr0sHLmr71mvTgPPGB7RzdqZC2I\nQYPs9ysS4wBErCvjjz9sg43sbEsSSSyU005FrKLiY49Zs3DPPeHrr4OOylVknTvbxlpJtyuYAyyp\nH3IITJ5se9489pi1/G69FXbf3bqcLrsMFi6M8YlFbO7sSSfZirurr47xCRIrlAkhX/7OTWvXQteu\nVjDLuXjo1MlqGoVi3rsrl5wc++yYNg1WrYJ774WmTe3Le7t2ttHP+PEx3P4gLc1qqR93nA10JPF2\nfKFOCGBrQt591ypT7refdR85F2s772zHTz4JNg4XWzVqwLBhtsB4xQr7Mp+TAxdeaDu/7bGHbau6\nYkU5T5SWZpnn6KPhnHOSth5K6BMCwA47WFLo2NFK6k6cGHRErqJp29ZmFH72WdCRuHhp0ABGj7bJ\nA0uXwn//a/WTzjrLql/vu6+NPZR5m+WMDFtq3bWrZaH5xU6sDJ2kSAgAdepYlu/bF844w36JYal3\n4pJfVpZtrxvzPmYXSs2a2Rf5Dz+EL76wbUF//NFmKDVsaGU07rsP1q8v5bybrCx48kmoVs0WSqxd\nG5f44yVpEgLYDKSpUy3L33STTTfzaakuVtq2tXnuLrW0aWOTWBYsgE8/tRLdS5bAiSdC//5dOfRQ\n29Nh/foSvmDDhvZB9e23tkAiib65JlVCAJtqNnGiNfcmT7aZBSX+RTm3DW3a2AeBzzRKTSK2L/TV\nV9usxg8+gCOOWM4nn9gum3XrwhFHWAOg2NXR3brBzTdbXe8rrkhI/LGQdAkB7Bd3zjk233jGDJuH\n/NNPQUflkl2rVpYMli4NOhIXtPwFcCNGLGHpUnj7bZtZOns2HHWUJYdBg+DZZ7exb/Spp8Lxx1vN\njWnTEhh92SVlQsg3dCg895w19fbeG5YtCzoil8x22MGOMZuO6CqEtDT7wn/rrTYb6fXX4dhj7div\nn9VVGjq0kE1+ROCOO2xO85AhSTGnOakTAtjGGq++Ct9/b7+0FNjUyMVJixZ2XLw42DhceKWnWzHE\nu+6yz5xXX7VupGnT7LOofn0be3j11UhyqFwZnnrKdmPq1y/0/dtJnxDAipPNnGkDzHvvbXtkO1da\nDRrYJBHvMnIlkZm5dTbSDz9YUjjwQBtP7tPH/p5GjIAZS5qx+dEnbDrTSSeFuuZRhUgIALvuCv/7\nn5UT6d7dC5W50ktLsxWt334bdCQu2VSqxN+zkVatsrGF3r3t9n77QePj92fU7u8zc8oqNk+ZGnS4\nRaowCQGsXsns2dZsO+AAG3B2rjSaNoXvvgs6CpfMsrNtvdRjj9kitylTrDv73k860YOZNB68D2OG\n/8Hs2eGbkVqhEgLYisO33rI9WQ86yPrynCupxo2trLJzsVClipXznzoVfvxReOK6b+mqs7nn3jT+\n8x9bIDd2rBXxDENyqHAJAayFMHMm7LgjHHaYjf47VxKNG9tg4ebNQUfiKpqcHDj63GY8dcE8ftxS\ni0fO/ZRdd7XZS3vtZV9ix461MuxBDTNUyIQAULu2lbrYaSc4/HCbnupccRo1smTw449BR+IqrEsu\noVqbRhzzxKFMe3Q9q1dbCaRddrHksMceNuPt/PMT32qosAkBoGZNmD7dBpwHDLCBHue2pWFDO5a7\n+qVzRcnOtsqoy5bBRReRm2vLFJ5/3gak77/fejdmz7aJDolUoRMCWPnb6dNt1eGRR8IzzwQdkQuz\nBpGdwFetCjYOV8F16wannWZbvb3zzt9316hhi5tfftm6vROtXAlBRI4UkQUiskVEOhd47AIRWSQi\nX4rIAeULs3yqV7fB5c6dbdm5dx+5otSvb8eVK4ONw6WAa66xWTAnnlho/Yv09MSHVN4WwnygPzAr\n+k4RaQcMBNoDfYA7RCSAf95W+UmhUydrKfhAsytM3bp2LHNNfOdKqlo122ntiy9g3LigowHKmRBU\ndaGqFlYsoi/whKpuVNVvgEVAl/KcKxaqV4dXXrHdsfr3t64k56JVrmz/T73LyCVEnz42gHDttVZ7\nO2CiMZjfJCIzgbNVdW7k9m3Ae6r6SOT2vcDLqvqvJXoiMhwYDlCnTp1OUxKw9dy6dRmceWZHvv++\nMv/976fstNOvpfr5vLw8cnJy4hRd7HicZXPMMXvQtu06Lr74n7vlhC3OoiRDnMkQIyQmzoxff6XL\n8cfzW5MmfDxxohXFK6UePXrMU9XOxT+zGKq6zQvwOtY1VPDSN+o5M4HOUbdvA46Nun0vMKC4c7Vu\n3VoT5YcfVFu3Vq1eXfWDD0r3szNmzIhLTLHmcZbNHnuo9ur17/vDFmdRkiHOZIhRNYFx3n67Kqi+\n+GKZfhyYq8V8vpbkUmyXkarur6odCrlsa2h2BdAk6nbjyH2hUa+ela+tWdNabQsWBB2RC4vatX1/\nDZdgJ51kiw8uvDDQJcvxmnY6DRgoIpVEZHugFTAnTucqsyZNLClkZUGvXl722JlateDnn4OOwqWU\nrCzbSOeTT2wryICUd9ppPxFZDuwFvCgirwKo6gJgCvA58ApwmqqGshhAy5aWFP7806oT+nRD5wnB\nBWLQIJvxcsklBXbaSZzyzjJ6RlUbq2olVa2nqgdEPTZOVVuqahtVfbn8ocZPu3Y2DXXVKus+Wrs2\n6IhckGrWhA0b7EuCcwmTlmbTTxcvtk0WggghkLOGUJcutop54UKrfVTkPqmuwqtRw46//BJsHC4F\nHXywrWK+8kr47beEn94TQpReveDBB6189nHHhaMcrUu8/ITgLUWXcCIwfryV3L3ttoSf3hNCAYMG\nwYQJ8OSTVorWpZ78hLBmTbBxuBS19962F+e11yb8W4knhEKcdRaccQbcfDPceGPQ0bhEy08Iv5Zu\nvaJzsXPNNfaN5PrrE3paTwiFEIEbbrCaR2PHBjoLzAUgN9eO3kJwgenYEQYOtG+lP/yQsNN6QihC\nWpptWrH33jB0KLz9dtARuUTZbjs7egvBBerKK2HjxoQWvvOEsA3Z2TbzqGlT2zT766+DjsglQvXq\ndly3Ltg4XIpr1cpWMN99N3zzTUJO6QmhGLVq2RoFETj0UO9GSAVVqlgtem8huMBdeql9+EyYkJDT\neUIogR12gKefhiVLbIOdTZtKX43QJQ8RK4G9fn3QkbiU17ChTX188MGEzDjyhFBC++xjLbfXX4c7\n7mgZdDguzqpX9xaCC4nTT7el8wlYvewJoRROOMGmpD7zTGMmTQo6GhdP1apBXl7QUTgH7LqrzW65\n7TbYHN+ScJ4QSum666BLl58ZORJmzSr++S45eZeRC5UxY2xg+YUX4noaTwillJEBl1zyOS1bwoAB\n8O23QUfk4sFbCC5UDj/c6vVPnBjX03hCKIOcnM0895xVwzz88EBqULk4y8nxFoILkYwMOO00mDED\nPvssbqfxhFBGbdrAo4/afhYjRkAMtqZ2IVK1qo3jORcaJ58MlSvDLbfE7RSeEMrh4IPh8svh4Yfh\n9tuDjsbFUk6Odxm5kKlZE4YMgUceidsOTp4Qyunii+GQQ2z20XvvBR2NixVvIbhQGj3aNmuJ0zRH\nTwjllF/zqHFjK4bnm7NXDDk5Njbke2K4UOnQAXr2tC6JOGyzWd49lY8UkQUiskVEOkfd31xEfheR\njyOXu8ofanjVqAFTp8KPP1qLzj9Ekl/Vqnb8/fdg43DuX8aMgeXLrdBajJW3hTAf6A8UNiN/sap2\njFxGlPM8obfbblap9pVXrJS5S25VqtjRu41c6Bx8MLRoEZcpqOVKCKq6UFW/jFUwye6UU6zsyGWX\n2TacLnl5QnChlZ4Oo0bBO+/AvHkxfel4jiFsLyIfichbIrJ3HM8TGiJW72iHHSwxrF4ddESurLzL\nyIXasGH2RxrjKaiixUygF5HXgfqFPHSRqj4Xec5M4GxVnRu5XQnIUdWfRaQT8CzQXlX/VWFeRIYD\nwwHq1KnTacqUKeX45yRGXl4eOTk5RT6+eHFVRo7cjY4d1zJ+/GekBTR0X1ycYRHGON99tyYXXrgz\nd945jx13tBVqYYyzMMkQZzLECOGOs9XEiTR48UXenTyZ//TvP09VOxf/U8VQ1XJfgJlA57I+nn9p\n3bq1JoMZM2YU+5w77lAF1QkT4h9PUUoSZxiEMc4337Tf31tvbb0vjHEWJhniTIYYVUMe5/z59kd6\nyy0KzNUYfJbH5buriNQRkfTI9RZAK2BJPM4VViNGQL9+cMEF8OGHQUfjSsvHEFzotW8Pu+xiJRNi\npLzTTvuJyHJgL+BFEXk18tA+wKci8jEwFRihqr+UL9TkIgL/939Qty4MHuz1jpJN5cp29DEEF2qD\nB8P778fs5co7y+gZVW2sqpVUtZ6qHhC5/ylVba825XQ3VX0+NuEml5o1baOjL7+EsWODjsaVRn5C\n8ETuQm3QIPv2GSO+UjnOeva0shZ33QUvvxx0NK6kvIXgkkKTJradY4x4QkiAceOsu2/YsLjVpHIx\n5gnBJY3Bg2P2Up4QEiA7e2uBwlNP9VLZycATgksaAwbE7KU8ISRIx45wxRXw5JPw2GNBR+OKU6mS\nHf/4I9g4nCtWzZoxeylPCAl07rmw115Wwfb774OOxm1LejpkZnoLwaUWTwgJlJ4ODzxgHzKnnOJd\nR2FXuTJs3Bh0FM4ljieEBGvdGsaPhxdesHEFF17Z2d5CcKnFE0IARo+Grl3h9NPhhx+CjsYVJTvb\nWwgutXhCCEB6Otx7ry16GjMm6GhcUSpV8kFll1o8IQRkxx3hkkts1tHzKbmOO/wqVfIWgkstnhAC\ndM45tkXqyJGwfn3Q0biCsrO9heBSiyeEAGVlwaRJsGKFtRZcuHgLwaUaTwgB23NPK5V9660wd27Q\n0bhoPobgUo0nhBAYPx7q1bO1CZs2BR2Ny1epEvz5Z9BROJc4nhBCYLvt4OabbSOd228POhqXz7uM\nXKrxhBASRx4JffrYWIKXtQgHTwgu1XhCCAkRG0fYuNFmH7ngZWV5l5FLLZ4QQmSHHeC886wa6ltv\nBR2N8xaCSzWeEELm/POhaVNbwewDzMHKyoK//go6CucSp1wJQUSuF5EvRORTEXlGRHKjHrtARBaJ\nyJcickD5Q00NVarAjTfCp5/CPfcEHU1q8xaCSzXlbSFMBzqo6s7AV8AFACLSDhgItAf6AHeISHo5\nz5Uy+veH7t3h0kthzZqgo0ld3kJwqaZcCUFVX1PV/I6N94DGket9gSdUdaOqfgMsArqU51ypRMSm\noYK1FFwwmjaFXXYJOgrnEicjhq81DJgcud4ISxD5lkfu+xcRGQ4Mj9zcKCLzYxhTvNQGfkrEibp3\nL9ePJyzOcgp1nCJ/Xw11nFGSIc5kiBGSJ842sXiRYhOCiLwO1C/koYtU9bnIcy4CNgGPljYAVb0H\nuCfyOnNVtXNpXyPRPM7Y8jhjKxniTIYYIbnijMXrFJsQVHX/YgI5HjgE6Kn696aQK4AmUU9rHLnP\nOedcSJV3llEf4FzgMFX9LeqhacBAEakkItsDrYA55TmXc865+CrvGMJtQCVgulhH63uqOkJVF4jI\nFOBzrCvpNFXdXILXS5aJlh5nbHmcsZUMcSZDjJBiccrWXh7nnHOpzFcqO+ecAzwhOOeci0h4QhCR\nI0VkgYhsEZHOBR4rttyFiGwvIu9HnjdZRLISEPNkEfk4clkqIh8X8bylIvJZ5HkJ3/9MRC4XkRVR\nsR5UxPP6RN7jRSJyfgBxFlnypMDzEv5+FvfeRCZKTI48/r6INE9EXAViaCIiM0Tk88j/pdMLeU53\nEfk16m/h0kTHGYljm79DMbdE3s9PRWS3AGJsE/U+fSwi60TkjALPCeT9FJH7RGR19PosEakpItNF\n5OvIsUYRPzs08pyvRWRoiU6oqgm9AG2xRRQzgc5R97cDPsEGqbcHFgPphfz8FGBg5PpdwKkJjv8G\n4NIiHlsK1E70exp1/suBs4t5TnrkvW0BZEXe83YJjrM3kBG5fh1wXRjez5K8N8BI4K7I9YHA5AB+\nzw2A3SLXq2FlYwrG2R14IdGxlfZ3CBwEvAwIsCfwfsDxpgM/AM3C8H4C+wC7AfOj7vsvcH7k+vmF\n/f8BagJLIscakes1ijtfwlsIqrpQVb8s5KFiy12ITWXaD5gauetB4PB4xlvI+Y8CHk/UOeOgC7BI\nVZeo6p/AE9h7nzBadMmToJXkvemL/d2B/R32jPxdJIyqrlTVDyPX1wMLKaISQBLoCzyk5j0gV0Qa\nBBhPT2Cxqn4bYAx/U9VZwC8F7o7+GyzqM/AAYLqq/qKqa7C6c32KO1+YxhAaAcuibhdW7qIWsDbq\nw6TIkhhxsjewSlW/LuJxBV4TkXmRkhxBGBVpet9XRFOyJO9zIg3DviEWJtHvZ0nem7+fE/k7/BX7\nuwxEpMtqV+D9Qh7eS0Q+EZGXRaR9QgPbqrjfYdj+HgdS9Be+MLyfAPVUdWXk+g9AvUKeU6b3NZa1\njP4mJSh3ETYljHkQ224d/EdVV4hIXWxtxheRDJ+QOIE7gauw/4RXYd1bw2J5/pIqyfspxZc8ifv7\nmcxEJAd4CjhDVdcVePhDrNsjLzKW9Cy2QDTRkuZ3GBmPPIxI1eYCwvJ+/oOqqojEbO1AXBKCFlPu\nogglKXfxM9akzIh8O4tZSYziYhaRDKA/0Gkbr7EiclwtIs9gXRAx/eMv6XsrIpOAFwp5KCFlRUrw\nfh7Pv0ueFHyNuL+fBZTkvcl/zvLI38R22N9lQolIJpYMHlXVpws+Hp0gVPUlEblDRGqrakILtZXg\ndximMjcHAh+q6qqCD4Tl/YxYJSINVHVlpHttdSHPWYGNe+RrjI3bblOYuoyKLXcR+eCYAQyI3DUU\nSFSLY3/gC1VdXtiDIlJVRKrlX8cGThNaubVA32u/Is7/AdBKbLZWFtZEnpaI+PJJ0SVPop8TxPtZ\nkvdmGvZ3B/Z3+GZRCS1eImMW9wILVfXGIp5TP39sQ0S6YP/XE5q4Svg7nAYcF5lttCfwa1R3SKIV\n2QMQhvczSvTfYFGfga8CvUWkRqTruHfkvm0LYNS8H9aftRFYBbwa9dhF2CyPL4EDo+5/CWgYud4C\nSxSLgCeBSgmK+wFgRIH7GgIvRcX1SeSyAOsaSfR7+zDwGfBp5I+mQcE4I7cPwmamLA4ozkVY/+bH\nkctdBeMM6v0s7L0BrsSSF0B25O9uUeTvsEUA799/sG7BT6Pew4OAEfl/o8CoyPv2CTZw3zWAOAv9\nHRaIU4DbI+/3Z0TNPExwrFWxD/jtou4L/P3EEtRK4K/I5+aJ2JjVG8DXwOtAzchzOwP/F/WzwyJ/\np4uAE0pyPi9d4ZxzDghXl5FzzrkAeUJwzjkHeEJwzjkX4QnBOecc4AnBOedchCcE55xzgCcE55xz\nEf8PH3293dR2rOsAAAAASUVORK5CYII=\n",
      "text/plain": [
       "<matplotlib.figure.Figure at 0x10fa40198>"
      ]
     },
     "metadata": {},
     "output_type": "display_data"
    }
   ],
   "source": [
    "#see http://matplotlib.org/examples/pylab_examples/contour_demo.html\n",
    "nx = 100\n",
    "ny = 100\n",
    "x = np.linspace(-20,20,nx)\n",
    "y = np.linspace(-20,20,ny)\n",
    "xgrid, ygrid = np.meshgrid(x, y)\n",
    "#print ygrid\n",
    "uz = np.zeros((nx,ny))\n",
    "vz = np.zeros((nx,ny))\n",
    "for ix in range(nx):\n",
    "    for iy in range(ny):\n",
    "        xx = x[ix]\n",
    "        yy = y[iy]\n",
    "        uz[iy,ix] = u(xx,yy) ##<<<<<<This is not a typo: [iy,ix]\n",
    "        vz[iy,ix] = v(xx,yy)\n",
    "        \n",
    "ucs = plt.contour(x, y, uz, colors='r')\n",
    "plt.clabel(ucs, inline=1, fontsize=10)\n",
    "plt.grid()\n",
    "plt.title('u(x,y)')\n",
    "\n",
    "vcs = plt.contour(x, y, vz, colors='b')\n",
    "plt.clabel(vcs, inline=1, fontsize=10,)\n",
    "plt.title('v(x,y)')\n",
    "plt.xlim(-10,10)\n",
    "plt.grid(True)"
   ]
  },
  {
   "cell_type": "markdown",
   "metadata": {},
   "source": [
    "##### 3.2) Find all solutions. Using Newton's method. Make sure you start close to these points. If it doesnt' converge to the point you want, try moving the initial guess.\n",
    "\n",
    "Remember to plot to verify"
   ]
  },
  {
   "cell_type": "code",
   "execution_count": 20,
   "metadata": {},
   "outputs": [],
   "source": [
    "def u(x,y):\n",
    "    return np.exp((x-3)/2) + 2*y - 1\n",
    "\n",
    "def v(x,y):\n",
    "    return x**2 + x*y - 3\n",
    "\n",
    "def ux(x,y):\n",
    "    return 0.5*np.exp((x-3)/2)\n",
    "\n",
    "def uy(x,y):\n",
    "    return 2\n",
    "\n",
    "def vx(x,y):\n",
    "    return 2*x + y\n",
    "\n",
    "def vy(x,y):\n",
    "    return x"
   ]
  },
  {
   "cell_type": "code",
   "execution_count": 21,
   "metadata": {},
   "outputs": [],
   "source": [
    "def forward(A,B):\n",
    "    newA = A.copy()\n",
    "    newB = B.copy()\n",
    "    nrow, ncol = A.shape\n",
    "    for piv_row in range(ncol):\n",
    "        for elim_row in range(piv_row+1,nrow):\n",
    "            c = newA[elim_row,piv_row] / newA[piv_row,piv_row]\n",
    "            newA[elim_row,:] = newA[elim_row,:] - c*newA[piv_row,:]\n",
    "            newB[elim_row] = newB[elim_row] - c*newB[piv_row]\n",
    "    return(newA,newB)\n",
    "\n",
    "def backward(A,B):\n",
    "    newA = A.copy()\n",
    "    newB = B.copy()\n",
    "    nrow, ncol = A.shape\n",
    "    for piv_row in range(ncol-1,-1,-1):\n",
    "        for elim_row in range(piv_row-1,-1,-1):\n",
    "            c = newA[elim_row,piv_row] / newA[piv_row,piv_row]\n",
    "            newA[elim_row,:] = newA[elim_row,:] - c*newA[piv_row,:]\n",
    "            newB[elim_row] = newB[elim_row] - c*newB[piv_row]\n",
    "    for i in range(nrow):\n",
    "        newB[i] /= newA[i,i]\n",
    "        newA[i,i] = 1\n",
    "    return (newA,newB)\n",
    "        \n",
    "def guassianElim(A,B):\n",
    "    nA,nB = forward(A,B)\n",
    "    return backward(nA,nB)[1]"
   ]
  },
  {
   "cell_type": "code",
   "execution_count": 1,
   "metadata": {},
   "outputs": [
    {
     "ename": "NameError",
     "evalue": "name 'np' is not defined",
     "output_type": "error",
     "traceback": [
      "\u001b[0;31m---------------------------------------------------------------------------\u001b[0m",
      "\u001b[0;31mNameError\u001b[0m                                 Traceback (most recent call last)",
